3
3
3
8
8
8
54
54
54
55
55
55
56
56
56
58
58
58
73
73
73
90
90
90
96
96
96
105
105
105
106
106
106
116
116
116
134
134
134
137
137
137
144
144
144
145
145
145
148
148
148
152
152
152
178
178
178
179
179
179
203
203
203
209
209
209
211
211
211
218
218
218
241
241
241
262
262
262
272
272
272
278
278
278
286
286
286
297
297
297
305
305
305
314
314
314
322
322
322
339
339
339
346
346
346
347
347
347
348
348
348
350
350
350
353
353
353
355
355
355
356
356
356
360
360
360
368
368
368
383
383
383
384
384
384
397
397
397
400
400
400
402
402
402
405
405
405
407
407
407
428
428
428
429
429
429
459
459
459
462
462
462
463
463
463
479
479
479
486
486
486
489
489
489
506
506
506
564
564
564
574
574
574
591
591
591
605
605
605
614
614
614
628
628
628
632
632
632
640
640
640
647
647
647
648
648
648
652
652
652
654
654
654
662
662
662
665
665
665
671
671
671
672
672
672
674
674
674
677
677
677
684
684
684
708
708
708
715
715
715
727
727
727
735
735
735
736
736
736
742
742
742
743
743
743
744
744
744
745
745
745
749
749
749
756
756
756
773
773
773
775
775
775
776
776
776
789
789
789
790
790
790
794
794
794
804
804
804
806
806
806
808
808
808
824
824
824
856
856
856
864
864
864
871
871
871
874
874
874
879
879
879
884
884
884
889
889
889
925
925
925
936
936
936
942
942
942
959
959
959
960
960
960
974
974
974
977
977
977
978
978
978
981
981
981
989
989
989
1009
1009
1009
1037
1037
1037
1038
1038
1038
1039
1039
1039
1046
1046
1046
1051
1051
1051
1052
1052
1052
1061
1061
1061
1063
1063
1063
1065
1065
1065
1067
1067
1067
1068
1068
1068
1073
1073
1073
1082
1082
1082
1083
1083
1083
1085
1085
1085
1088
1088
1088
1089
1089
1089
1103
1103
1103
1109
1109
1109
1114
1114
1114
1118
1118
1118
1123
1123
1123
1125
1125
1125
1135
1135
1135
1138
1138
1138
1171
1171
1171
1188
1188
1188
1189
1189
1189
1191
1191
1191
1198
1198
1198
1204
1204
1204
1208
1208
1208
1211
1211
1211
1212
1212
1212
1214
1214
1214
1215
1215
1215
1216
1216
1216
1221
1221
1221
1229
1229
1229
1232
1232
1232
1233
1233
1233
1234
1234
1234
1236
1236
1236
1238
1238
1238
1239
1239
1239
1240
1240
1240
1241
1241
1241
1242
1242
1242
1245
1245
1245
1249
1249
1249
1254
1254
1254
1255
1255
1255
1256
1256
1256
1259
1259
1259
1262
1262
1262
1268
1268
1268
1269
1269
1269
1271
1271
1271
1275
1275
1275
1282
1282
1282
1285
1285
1285
1287
1287
1287
1292
1292
1292
1293
1293
1293
1294
1294
1294
1295
1295
1295
1296
1296
1296
1316
1316
1316
1317
1317
1317
1324
1324
1324
1325
1325
1325
1327
1327
1327
1340
1340
1340
1342
1342
1342
1343
1343
1343
1351
1351
1351
1358
1358
1358
1359
1359
1359
1360
1360
1360
1365
1365
1365
1366
1366
1366
1367
1367
1367
1369
1369
1369
1376
1376
1376
1377
1377
1377
1379
1379
1379
1387
1387
1387
1388
1388
1388
1391
1391
1391
1392
1392
1392
1393
1393
1393
1399
1399
1399
1401
1401
1401
1403
1403
1403
1437
1437
1437
1439
1439
1439
1440
1440
1440
1465
1465
1465
1472
1472
1472
1473
1473
1473
1474
1474
1474
1477
1477
1477
1480
1480
1480
1482
1482
1482
1486
1486
1486
1500
1500
1500
1503
1503
1503
1515
1515
1515
1550
1550
1550
1555
1555
1555
1560
1560
1560
1570
1570
1570
1575
1575
1575
1577
1577
1577
1580
1580
1580
1588
1588
1588
1602
1602
1602
1603
1603
1603
1604
1604
1604
1605
1605
1605
1610
1610
1610
1614
1614
1614
1616
1616
1616
1618
1618
1618
1619
1619
1619
1635
1635
1635
1640
1640
1640
1641
1641
1641
1642
1642
1642
1647
1647
1647
1648
1648
1648
1652
1652
1652
1655
1655
1655
1657
1657
1657
1690
1690
1690
1696
1696
1696
1704
1704
1704
1710
1710
1710
1711
1711
1711
1714
1714
1714
1715
1715
1715
1716
1716
1716
1718
1718
1718
1720
1720
1720
1726
1726
1726
1730
1730
1730
1733
1733
1733
1740
1740
1740
1743
1743
1743
1750
1750
1750
1752
1752
1752
1754
1754
1754
1755
1755
1755
1757
1757
1757
1768
1768
1768
1783
1783
1783
1785
1785
1785
1789
1789
1789
1795
1795
1795
1797
1797
1797
1801
1801
1801
1802
1802
1802
1806
1806
1806
1807
1807
1807
1816
1816
1816
1818
1818
1818
1821
1821
1821
1822
1822
1822
1825
1825
1825
1826
1826
1826
1831
1831
1831
1836
1836
1836
1840
1840
1840
1841
1841
1841
1856
1856
1856
1870
1870
1870
1871
1871
1871
1882
1882
1882
1883
1883
1883
1885
1885
1885
1891
1891
1891
1898
1898
1898
1915
1915
1915
1916
1916
1916
1920
1920
1920
1922
1922
1922
1941
1941
1941
1951
1951
1951
1977
1977
1977
1978
1978
1978
1981
1981
1981
1985
1985
1985
1988
1988
1988
1992
1992
1992
1993
1993
1993
1997
1997
1997
1998
1998
1998
