-0.4222061000000001
-0.5820763099999999
-0.5718764999999999
-0.020244199999999993
-0.015657169999999998
0.017191485
-0.36773519899999996
-0.47040277999999996
-0.5173529830000001
0.21831341
0.28620538100000004
0.272750977
0.28446685999999993
0.32261462
0.24795763199999996
-0.126431778
-0.27778046000000006
-0.3361798100000001
0.3665549999999999
0.32297328000000003
0.29109439
-0.0485219
-0.058248299999999996
-0.056730343
0.5222562999999998
0.6110266699999999
0.65750584
0.18420875
0.18163568999999996
0.15413650500000003
-0.27442924
-0.4704398199999999
-0.5002151619999999
-0.29823717000000005
-0.33159902
-0.42647999500000006
0.216932851
0.35115969
0.3825323639999999
0.351629587
0.48492509000000006
0.45433634000000006
0.04090310000000001
-0.011420030000000001
-0.0012308600000000007
0.145971703
0.2738674
0.07954397
0.018079400000000002
0.025431199999999998
0.00990984
0.0015745583099999998
-0.066677512
-0.061025239999999994
-0.21842849700000003
-0.27150607
-0.29408267999999993
0.41405450099999996
0.5848881300000001
0.6151253400000001
0.19079781
0.17674030000000002
0.10466891999999998
-0.25289101
-0.18650016000000005
-0.12251568199999999
0.21948642299999999
0.12733702
0.061562228
-0.20367304000000003
-0.22712757000000003
-0.2720598894
-0.17562463999999997
-0.17531958000000003
-0.17251512
0.819587411
0.8194516199999999
0.8216799800000001
0.6137797299999999
0.6158600800000003
0.57315188
-0.047905102
0.0017743538000000018
0.024904869999999996
0.9092186
0.9494470999999999
0.9122351
-0.053260220000000004
-0.1145697
-0.24680014
0.96124689
1.0501536500000002
1.0004261300000001
0.35551671999999995
0.4706751000000001
0.44605705999999995
0.8898002000000002
0.8877662999999998
0.8376948000000001
0.83109193
0.8375566999999998
0.79276677
0.80943495
0.8709331010000001
0.8732984600000002
0.45509262500000014
0.42897454999999995
0.395905273
0.39574381
0.489885145
0.48828985299999994
0.7481596000000003
0.7660397499999999
0.7817912999999999
-0.139287316
-0.067666958
-0.08962598999999999
0.8363816390000001
0.8220135540000001
0.7766010799999999
0.5902185299999998
0.5895007499999998
0.5766392400000002
-0.149554942
-0.13899767
-0.14072590199999996
0.35436858
0.46025176000000007
0.513242408
-0.02906817000000001
-0.18881599040000002
-0.23029695
-0.190790531
-0.312822402
-0.2983375279999999
0.7921216600000002
0.83703231
0.8619365400000001
-0.048136290000000005
0.19923283117
0.2880888
0.8959720209999998
0.9539579999999998
0.9543886200000001
0.8859421000000001
0.8624869000000002
0.8313319000000001
0.0012238340000000013
0.04024303
-0.11971927499999999
0.15324125
0.14447234
0.4938464999999999
-0.19839524
-0.20994748000000002
-0.18691599999999994
0.31875681000000006
0.353785775
0.4086151000000001
0.049253807999999996
0.0394133
-0.0199829
0.48028759
0.44909241
0.39772354
0.16691219
0.27337701000000003
0.26222637
0.32223461099999995
0.36151743
0.3374131800000001
-0.059341920000000006
0.06534659000000001
0.29182356
-0.25966201000000005
-0.36151330000000004
-0.3091945
-0.07535855
-0.050588731
-0.07654451000000001
0.36158181600000006
0.33995993799999996
0.29869458
0.60448621
0.6222031600000002
0.498578353
0.4790641656
0.6144327900000001
0.6254503800000002
-0.059618357
-0.11895341899999998
-0.24672058999999993
0.73081984
0.8425772999999998
0.7772569
0.40886290000000003
0.3317306
0.3323117
0.9864448999999998
1.1977569000000003
1.1124133199999997
0.27861676
0.25410275800000004
0.310112135
0.8416349999999999
0.9008130999999999
0.9033979000000001
-0.39015307
-0.3669555000000001
-0.4002693600000001
0.08379476
0.11164074499999999
-0.083089142
-0.07975725000000002
-0.006127644
0.045885616000000004
0.68947156
0.6901695200000001
0.67836283
-0.343707764
-0.12823130980000003
-0.13945118000000004
0.384914425
0.44924164200000005
0.446824429
0.9979857000000003
1.057883
1.00862099
0.37766677
0.360695824
0.37789966999999997
0.018338433000000005
0.16669096600000002
0.184716536
-0.40147400000000005
-0.39862188
-0.46887760000000006
-0.023963281399999998
-0.006485890000000001
0.012882214000000003
0.01950629
-0.07605556000000001
-0.07285196000000002
0.041157540000000006
0.038467633
0.0262493013
-0.32162652
-0.4282268
-0.38873592
0.7678221200000002
0.7809440200000001
0.7221318900000001
0.14111377819999998
0.11919121369999999
0.087132305
0.35326152
0.40594115000000003
0.41308047
-1.19029234
-1.3065060999999998
-1.2691323999999997
0.12880712999999996
0.05852647800000001
0.05097644999999999
0.77674174
0.7729379
0.70201254
-0.010389
-0.03572346
-0.035736569999999995
-0.03361127299999999
0.02626076
0.055488630000000004
0.035609129999999996
-0.0040536999999999995
-0.0402075
0.017099309999999996
0.23180148000000003
0.28877643
0.22231440000000005
0.23130880300000004
0.331316011
-0.18168999199999997
-0.17621472400000002
-0.26988141200000004
0.7849715199999999
0.7643528000000002
0.6714633799999999
0.67567882
0.8122333000000002
0.8435086999999999
-0.09405435000000001
-0.19743034000000004
-0.21887049999999997
0.8061923270000001
0.8734758900000001
0.84447671
0.44842313
0.492703201
0.5007540500000001
0.39268147099999995
0.39855054000000006
0.40590303299999997
-0.09536789999999999
-0.14640998099999997
-0.10698248600000002
-0.183383244
-0.23490767000000004
-0.23539215000000002
0.39374329
0.4220296
0.405867606
0.1991546
0.11651752199999996
-0.1356635
1.0348123299999998
1.1082156
1.1097588999999999
-0.262786363
-0.31034816600000004
-0.24559926999999998
0.13401381399999998
0.103392868
0.097055311
-0.44056739
-0.44065111
-0.25846674
0.55746984
0.654883266
0.6891059000000002
0.8584761000000001
0.9508790000000001
0.9060790000000003
-0.45690333
-0.43115708999999997
-0.45592083
-0.68468616
-0.7054630000000002
-0.581635
0.5810077960000001
0.6163798999999999
0.5681415900000001
0.809431153
0.87197069
0.8330633900000001
0.82868551
0.8248161999999999
0.77733268
0.0027000000000000123
-0.08080000000000002
-0.03300000000000001
0.4163
0.43629999999999997
0.3246
0.20710000000000006
0.28250000000000003
0.29449999999999993
0.5384
0.5428
0.619
0.4895999999999999
0.5137
0.5004000000000001
0.28479999999999994
0.35960000000000003
0.35590000000000005
-0.09780000000000001
-0.024600000000000004
-0.002400000000000001
1.1349999999999998
1.1784000000000003
1.154
0.40329999999999994
0.27690000000000003
0.23610000000000003
0.4035
0.542
0.5602
0.055200000000000006
-0.0085
-0.07950000000000002
0.7962
0.7932
0.7551000000000001
0.6367
0.6759000000000001
0.6769
1.0708000000000002
1.0709000000000002
1.0349000000000004
0.7704000000000002
0.7874000000000001
0.7375
0.9217000000000001
0.9167000000000002
0.8506
1.0842999999999998
1.1259000000000001
1.0992
0.8714000000000001
0.9831999999999999
0.9575999999999999
-0.40359999999999996
-0.4891
-0.4699
-0.4388000000000001
-0.3921
-0.35630000000000006
-0.6749
-0.6441000000000001
-0.6529999999999999
0.07170000000000001
0.08300000000000002
0.1001
-0.273
-0.26239999999999997
-0.20980000000000004
0.13633333333333
0.12033333333332999
-0.04499999999999
-0.417
-0.6801999999999999
-0.5193000000000001
0.09330000000000002
0.10700000000000001
0.09780000000000003
-0.41050000000000014
-0.37470000000000003
-0.4699000000000001
0.4561
0.28369999999999995
0.3177
0.071
0.19180000000000003
0.21269999999999997
0.0015000000000000005
0.024999999999999994
0.10580000000000003
-0.6623000000000001
-0.6407000000000002
-0.6008000000000001
0.6739000000000002
0.7141
0.6627000000000001
0.5302
0.6702999999999999
0.6685999999999999
0.7015999999999998
0.6851
0.6244999999999999
-0.1359
-0.1849
-0.3223
0.8938
0.7743000000000002
0.7694999999999999
0.7615000000000001
0.8236000000000001
0.8998999999999999
0.5673
0.48450000000000004
0.5294
0.5726000000000001
0.5275999999999998
0.38170000000000004
0.8533999999999999
0.8414999999999999
0.8046
0.9665000000000001
0.9989999999999999
1.0385999999999997
0.4248000000000001
0.445
0.4114
0.12920000000000004
0.10100000000000002
0.12229999999999999
0.44250000000000006
0.3231
0.323
0.5115999999999999
0.42119999999999996
0.32619999999999993
0.5482000000000001
0.5095
0.46709999999999996
-0.7539999999999999
-0.7964
-0.8044
0.2193
0.1298
0.08610000000000002
0.2994
0.30369999999999997
0.2874
0.8333999999999998
0.8451000000000001
0.7972
0.7243000000000002
0.6708999999999999
0.6416000000000001
0.22060000000000005
0.1383
-0.088
-0.4101
-0.44410000000000005
-0.422
0.7695999999999998
0.8193999999999999
0.7855000000000001
-0.47020000000000006
-0.5234
-0.4487
0.15249999999999994
0.04600000000000002
0.06000000000000001
0.08270000000000002
0.1315
0.13269999999999998
-0.399
-0.44320000000000004
-0.5021
0.29219999999999996
0.27749999999999997
0.15150000000000002
-0.4871999999999999
-0.48869999999999997
-0.48149999999999993
0.9569999999999996
0.9782
1.0078
0.4803
0.5298
0.5218
0.0728
0.3029
0.31989999999999996
0.6630999999999999
0.6724000000000001
0.6701000000000003
0.2969
0.33089999999999997
0.3686
0.7854
0.8065999999999999
0.7626999999999999
0.9336
0.9763999999999999
0.9349000000000001
0.3034
0.28559999999999997
0.2738
0.28819999999999996
0.38350000000000006
0.3612
0.49510000000000004
0.5052
0.41370000000000007
0.6435
0.5923
0.5524999999999999
0.41019999999999995
0.3703000000000001
0.30670000000000003
0.3858
0.4205
0.4255
0.7636000000000001
0.7475999999999998
0.4508000000000001
1.003
0.9696000000000001
0.8681000000000001
0.8689999999999998
0.7091999999999999
0.5788
0.8867
0.9004
0.9704
0.7181
0.8507000000000001
0.7646000000000002
-0.26940000000000003
-0.35229999999999995
-0.37890000000000007
0.40409999999999996
0.39409999999999995
0.3491000000000001
0.8713000000000001
0.9521000000000001
0.8934999999999998
0.7010000000000001
0.5530999999999999
0.44349999999999995
1.0263
1.1571
1.1686
1.1904999999999997
1.2425000000000002
1.2264000000000002
1.0134000000000003
1.0506
0.9749000000000002
-0.40650000000000003
-0.43439999999999995
-0.46080000000000004
0.41039999999999993
0.31999999999999995
0.3093
0.5016999999999999
0.47040000000000004
0.48699999999999993
0.445
0.5828
0.6403
0.004000000000000003
-0.03430000000000001
-0.04449999999999999
1.1406000000000003
1.1344
1.0919999999999999
0.5506000000000002
0.6251000000000001
0.7055000000000002
0.3266
0.44060000000000005
0.5168000000000001
0.5581
0.6439000000000001
0.6188999999999999
0.7131
0.6980999999999999
0.6485000000000001
0.5626
0.5741
0.5306999999999998
-0.06210000000000002
-0.056400000000000006
-0.060800000000000035
0.7349
0.641
0.6257
0.3819
0.36860000000000004
0.2947
0.3826
0.33380000000000004
0.25439999999999996
0.9593
0.9904999999999999
1.0405
0.8202000000000002
0.9250000000000002
0.9264999999999999
0.1665
0.19540000000000005
0.23809999999999998
0.3016
0.38780000000000003
0.38330000000000003
0.17670000000000002
0.1266
0.10020000000000003
-0.14040000000000002
-0.24029999999999996
-0.2627
0.015500000000000003
-0.1378
-0.21109999999999998
0.6948999999999999
0.7234
0.6319000000000001
-0.24780000000000008
-0.14229999999999998
-0.16720000000000002
0.10179999999999997
0.07700000000000001
0.19789999999999996
-0.1193
-0.15399999999999997
-0.18580000000000002
0.3161
0.3641
0.40840000000000004
0.3165
0.34199999999999997
0.24730000000000002
0.4229
0.4264000000000001
0.4328
0.46049999999999996
0.4311000000000001
0.4699000000000001
0.7187
0.7325
0.7079
0.3356
0.23440000000000003
0.202
0.0774
0.37840000000000007
0.3326000000000001
0.5453
0.4856999999999999
0.5036
0.25769999999999993
0.2439
0.23770000000000008
0.8568000000000001
0.825
0.7997
0.6347
0.7629999999999999
0.7727
0.7353000000000001
0.8131999999999999
0.7589
0.039900000000000005
0.1622
0.2974
0.5074000000000001
0.5689000000000002
0.5657
0.4649
0.5003
0.4654999999999999
0.8939999999999999
0.8996000000000002
0.9448000000000001
1.0448
1.02
0.9831999999999999
0.1396
0.08990000000000004
0.05750000000000001
0.3852
0.3004
0.2758
1.0408888888886
1.1246666666667002
1.1041111111109
-0.20010000000000003
-0.22100000000000003
-0.1436
1.0909000000000002
1.1665999999999999
1.1041
0.7325999999999999
0.8262
0.8720000000000001
0.6078
0.6656000000000001
0.6681999999999999
0.3530999999999999
0.7230999999999999
0.687
0.24699999999999997
0.30110000000000003
0.27669999999999995
0.28750000000000003
0.43190000000000006
0.28880000000000006
-0.2528
-0.26409999999999995
-0.2502
0.2784000000000001
0.3118999999999999
0.3551000000000001
0.4968
0.5306
0.47109999999999996
0.7310000000000001
0.6965000000000001
0.6840999999999999
0.623
0.6489
0.7802
0.16600000000000004
0.15919999999999998
0.16299999999999998
1.2192000000000003
1.2075999999999998
1.3374000000000001
0.3115
0.15429999999999996
0.17419999999999997
0.6837
0.7408
0.6931999999999998
-0.2631
-0.26769999999999994
-0.27159999999999995
0.5330999999999999
0.6009
0.5420999999999999
0.8969999999999999
0.9786000000000001
0.9771000000000001
0.4296000000000001
0.34559999999999996
0.3325
0.0484
0.0538
0.03670000000000001
-0.11059999999999999
-0.17930000000000001
-0.1651
0.8117999999999996
0.7264000000000002
0.5944
0.193
0.2907
0.22979999999999995
0.11440000000000002
-0.037800000000000014
-0.0673
-0.06210000000000001
-0.1443
-0.2488
0.5494000000000001
0.5546
0.42440000000000005
0.43150000000000005
0.4648
0.52
0.10859999999999999
-0.17520000000000008
-0.18350000000000005
0.0013000000000000101
-0.09590000000000003
-0.09860000000000005
-0.19660000000000002
-0.38
-0.43600000000000005
0.43570000000000003
0.699
0.6298
0.7460000000000001
0.7385999999999998
0.7947000000000002
0.5962000000000001
0.6377999999999999
0.5574
0.26969999999999994
0.33660000000000007
0.2967
0.2803
0.23800000000000007
0.1636
0.644
0.6678000000000001
0.6949999999999998
-0.07350000000000002
0.11230000000000002
0.16909999999999997
0.5880999999999998
0.4445
0.28659999999999997
0.39560000000000006
0.2915
0.29239999999999994
0.7651999999999999
0.8084000000000001
0.7305
0.30670000000000003
0.14189999999999997
0.0099
0.3013
0.28919999999999996
0.21259999999999998
0.6372
0.5310999999999999
0.5006999999999999
0.5437000000000001
0.6161
0.6013
0.9742999999999998
0.8747999999999999
0.7456000000000002
1.109
1.1341999999999999
0.9943
0.734
0.6470000000000001
0.6378
0.6349
0.6471
0.6343
-0.5143
-0.5707000000000001
-0.5946
0.41200000000000003
0.4974000000000002
0.5353000000000001
0.30039999999999994
0.364
0.2529
0.8282999999999999
0.8268000000000001
0.8095000000000001
0.42590000000000006
0.461
0.42300000000000004
0.5691
0.37479999999999997
0.33009999999999995
0.65
0.6220000000000001
0.49160000000000004
0.3637000000000001
0.3416
0.362
0.3358
0.03109999999999999
-0.004600000000000002
0.23310000000000003
0.21710000000000002
0.12379999999999998
0.5687999999999999
0.7173
0.8989
-0.007399999999999999
-0.0506
0.0501
0.1566
0.12789999999999996
0.0796
0.4363
0.46699999999999997
0.4273999999999999
0.19300000000000003
0.18550000000000003
0.19480000000000003
-0.4466
-0.5458000000000001
-0.5762999999999999
0.4269
0.33009999999999995
0.3218
0.8684999999999997
1.0156999999999996
0.9694
