-0.31303729
-0.36050028999999995
-0.47449935000000004
-0.27577785
-0.22886740000000003
-0.27057954
-0.41773278
-0.4520543
-0.478077068
0.44142761
0.45531440000000006
0.4180489100000001
0.5182463900000001
0.554536879
0.5639002700000001
-0.57800034
-0.543162327
-0.53251521
0.7022996499999999
0.601997659
0.614045717
-0.131994447
-0.17998335
-0.45108555200000006
0.80029805
0.8570713979999999
0.8278032649999998
0.7535734800000001
0.7418096999999999
0.6834476108
0.086034526
-0.05493218400000001
-0.027968266
0.004190070000000001
-0.03354419200000001
-0.08119517400000001
-0.021364539999999998
0.011823623
0.25133336000000006
-0.3794021
-0.39319629999999994
-0.3827426099999999
-0.6765383
-0.7126131
-0.69530217
-0.57612714
-0.6023299709999999
-0.57014421
0.08945796399999997
-0.02293748
-0.09359760999999998
-0.23029470909999997
-0.10321617000000001
-0.20787731599999998
-0.9938488399999998
-1.00719242
-0.9793044399999999
0.17466329500000002
0.24367506399999997
0.24114971600000001
-0.5324969270000001
-0.54585583
-0.5504568809999999
-0.44688869200000003
-0.5271890159
-0.5375911496000001
-0.36594542
-0.5210672299999999
-0.5840148
-0.7117600669999999
-0.8073770399999999
-0.74699737
-0.4416934
-0.39546071
-0.26398274000000005
0.514605421
0.54242447
0.5121000100000002
0.346817218
0.40363307000000004
0.35227339
-0.031148180000000004
0.0524983
0.060579900000000006
0.27665189999999995
0.27393554
0.27279458000000006
-0.7286224000000001
-0.7372202
-0.7178274099999999
0.7856205
0.7786189
0.7196662
0.5690436529999999
0.6494227200000001
0.6538121899999999
0.55493975
0.5438143599999999
0.5136293000000001
0.6212993999999998
0.6662814000000001
0.5071688
0.76927388
0.8097562109999998
0.80419938
-0.23918187999999993
-0.24957620000000005
-0.20322892000000006
0.25301474499999993
0.17425441000000003
0.21773200900000003
0.44982248
0.4815123
0.4959192
-0.35522545
-0.33247542
-0.3286653
0.215365946
0.22892549999999998
0.21187815999999998
0.075890857
0.08632108699999999
0.060677418
-1.0230915
-1.01184568
-0.9835024999999998
-0.08606265499999999
-0.10017581290000002
-0.03414823399999999
-0.146500154
-0.11488694499999999
-0.11971998000000002
-0.24660891900000004
-0.262109632
-0.2755438899999999
0.9578043699999998
1.0390617
0.9981235999999999
-0.324256905
0.068949591
0.25223339999999994
0.9486179300000002
0.98165286
0.9526561000000001
0.5054934099999999
0.5560199000000001
0.5023744470000001
-0.0642502512
-0.03392307000000001
-0.031069790000000003
0.76737349
0.7292457606999999
0.784511414
-0.4641928489999999
-0.42938277000000014
-0.43186
0.22900869999999998
0.48509528
0.5830378300000001
0.515507217
0.5719760669999999
0.5898289988
0.542707253
0.43960747700000014
0.3484676365
-0.06310478300000001
-0.05052871999999999
-0.00909594
0.6046402285999999
0.6054452199999999
0.6114681049999999
-0.11847980000000002
-0.08722719999999999
-0.085187836
-0.36411842
-0.47549159999999996
-0.5123127300000001
0.117218093
0.19331280999999997
0.14188554299999998
-0.21322025999999994
-0.21662368999999998
-0.25217750000000005
0.8446358850000001
0.84736759
0.6543615510000002
0.061497407000000004
0.07520859999999999
0.09930199
0.427783551
0.23879723499999997
-0.13103302099999997
0.22012325999999996
0.22509774999999999
0.2515205
-0.25268027000000004
-0.25629279999999993
-0.22206383999999998
1.102264131
1.18606387
1.08141674
-0.7568962000000001
-0.638437061
-0.6384704999999999
0.31863376000000004
0.17449060000000002
0.1728156
-0.5901666847
-0.5992156630000001
-0.57641789
0.413241501
0.41277923699999997
0.41122490189999994
0.2692448088
0.30916406445
0.3403504
0.3023558
0.329344104
0.31615264
-0.5267778543000001
-0.5862808789999998
-0.627234638
-0.316212214
-0.4841107299999998
-0.4495890600000001
0.8598469999999999
0.8962632300000001
0.95274289
0.9694417599999999
1.0433287
1.0217360000000002
-0.15325862500000004
-0.22723606199999996
-0.20426328900000001
-0.6566786299999999
-0.81945405
-0.7729700999999999
-0.6014048620000001
-0.7013153780000001
-0.6916901890000001
-0.28116835999999995
-0.25050859000000003
-0.27672985
0.07684528
0.11055495789999999
0.11880449000000001
-0.5251343
-0.5921657
-0.5248221300000001
0.49377195000000007
0.5203306000000001
0.5528919299999999
-0.38492952
-0.4683597089999999
-0.534520702
0.6006018
0.5962273400000001
0.61075405
-0.28874824
-0.22495746
-0.18102716400000002
-0.10961840100000002
-0.14234398750000005
-0.109168008
0.5288271800000001
0.52291526
0.40655394000000006
-0.2128286
-0.28518023
-0.31781824700000005
-0.4637601350000001
-0.5012942199999999
-0.4373906699999999
-0.1535449
-0.18241742999999996
-0.18262999
-0.17108108000000002
-0.20646848999999995
-0.19106794
1.0160944000000003
1.0958231999999999
1.0746331999999998
-0.93692702
-0.9372312700000002
-0.8712864799999999
0.6504912999999999
0.6711887450000001
0.6360820729999999
0.8066514999999999
0.7874040700000001
0.7687469
-0.57936938
-0.6585577437300001
-0.6843348
0.8960002960000002
1.05421657
1.0495575102999999
0.9154724999999997
0.9360343
0.8553030999999999
0.43083053000000004
0.4197490815599999
0.4136890045
0.5604057600000001
0.5197260539999999
0.5710878
0.8306684000000001
0.8638368999999999
0.83385205
0.24067089
0.31424946000000004
0.34929998999999995
0.5995625700000001
0.52972196
0.37573283999999996
1.1693216000000002
1.1409253
1.0921071
-0.10425836000000002
-0.1184828
-0.12516693399999998
0.54706002
0.5502526809999999
0.5076034199999999
-0.02628309
0.24332930700000005
0.3135051304
0.6161156999999999
0.728551
0.7396203
1.0432472999999998
1.0276328
1.0135894
-0.37438326
-0.330985913
-0.313327125
0.9702355199999999
0.9752789999999999
0.9584433000000001
1.2766513
1.1859267999999998
1.2149473
0.9447654
0.9626321000000001
0.9010025899999998
0.82827462
0.81335883
0.7862068899999998
0.2583
0.2779999999999999
0.25959999999999994
0.41269999999999996
0.47030000000000005
0.4288000000000001
0.39420000000000005
0.46659999999999996
0.4515999999999999
0.19679999999999997
0.2425
0.3318
0.8219999999999998
0.8243
0.8012000000000002
0.4887999999999999
0.418
0.496
1.0033
1.0594000000000001
1.1396
0.9706000000000001
1.0904000000000003
0.9671000000000003
0.9558
1.0386
0.9189999999999999
0.9095000000000001
0.9686000000000001
0.9912999999999998
0.06955555555553
0.02622222222221101
-0.10522222222222
0.5613000000000001
0.6651999999999999
0.7048000000000001
0.2412
0.26349999999999996
0.24059999999999998
0.8680999999999999
0.9269999999999999
0.8806
0.8133999999999999
0.9797
1.0283
0.7317000000000001
0.7102
0.6010000000000001
0.844
0.9253
0.9737000000000002
0.9395
0.9538
0.8764999999999998
-0.3504999999999999
-0.40170000000000006
-0.4121
-0.7562000000000001
-0.8865999999999998
-0.9845000000000003
-0.4266
-0.4317000000000001
-0.27590000000000003
-0.4414999999999999
-0.6025
-0.6816
-0.18320000000000003
-0.17920000000000003
-0.18180000000000002
0.096
-0.17259999999999998
-0.3191
-0.16729999999999998
-0.4595000000000001
-0.46740000000000004
0.16540000000000002
0.08900000000000004
0.06530000000000001
-0.669
-0.7687000000000002
-0.7691
0.0012000000000000001
0.0021999999999999997
-0.014600000000000002
-0.1993
-0.0516
-0.09810000000000002
-0.30439999999999995
-0.18759999999999996
0.09629999999999998
-0.5254000000000001
-0.6311
-0.7222000000000002
0.8465
0.7979
0.7399000000000002
0.49689999999999995
0.6167
0.5407
0.5491999999999999
0.5663000000000002
0.5197
-0.36639999999999995
-0.5583
-0.3696
0.5803
0.45220000000000005
0.5279
0.9182000000000002
0.9254999999999999
0.9423
0.8144
0.8267999999999999
0.8169000000000001
0.9164
0.7015999999999999
0.35690000000000005
0.1703
-0.0349
0.035699999999999996
0.9600000000000002
1.0745
1.0593000000000001
0.19440000000000002
0.2663
0.291
-0.3658
-0.43220000000000003
-0.372
0.3559
0.3674
0.3656
0.8286999999999999
0.8381000000000001
0.8275999999999998
1.2296
1.2702
1.2322
-0.5218999999999999
-0.6525000000000001
-0.5677
0.10029999999999999
0.04130000000000001
0.03880000000000001
0.14679999999999999
0.1477
0.15489999999999998
0.6012000000000001
0.6495
0.6136999999999999
0.7664000000000002
0.8741
0.8238000000000001
1.3733999999999997
1.2101999999999997
0.9099
-0.5760000000000001
-0.6242000000000001
-0.6393
0.5224
0.6826000000000001
0.72
-0.23320000000000002
-0.32819999999999994
-0.2986
0.1895
0.2223
0.49029999999999996
-0.017599999999999998
-0.08160000000000003
-0.08690000000000003
0.35209999999999997
0.34830000000000005
0.32189999999999996
0.2582
0.4081
0.3839
-0.21789999999999998
-0.3437
-0.4226000000000001
1.0931000000000002
1.1108
1.1343
0.8019000000000001
0.8422999999999996
0.8066999999999999
0.5892999999999999
0.6377
0.58
0.44489999999999996
0.5385
0.5325999999999999
0.33780000000000004
0.4607000000000001
0.4692
0.6917
0.7804
0.7761999999999999
0.9940000000000001
1.0368000000000002
0.9815999999999999
0.9005000000000001
0.9252999999999998
0.9012
-0.07280000000000005
0.22590000000000005
0.1325
0.9683999999999997
1.0051999999999999
0.9661000000000002
1.1984
1.1899000000000002
1.1743000000000001
0.9278000000000001
0.9277
0.8559000000000001
-0.43929999999999997
-0.45879999999999993
-0.4302
0.9443999999999999
0.9445
0.4922000000000001
0.9693999999999999
0.9551999999999999
0.9629000000000001
0.9196
0.6332000000000002
0.47240000000000004
0.7865
0.882
0.9284000000000001
1.0852000000000002
1.0422
0.9670999999999997
0.009399999999999999
0.05100000000000001
0.0199
-0.21140000000000003
-0.2673
-0.2759
0.8140999999999998
1.0495
0.9991000000000001
1.0577
0.9523000000000001
0.9471999999999998
1.1891
1.2768
1.2239
1.1544
1.2857000000000003
1.2601999999999998
0.9446
1.0013999999999998
1.0847
-0.10140000000000002
-0.0539
-0.10829999999999998
0.7433
0.7523
0.7522
0.31049999999999994
0.3499
0.31179999999999997
1.0550000000000002
1.1625000000000003
1.3885
0.7343
0.8489999999999999
0.8368
1.2376
1.2254999999999998
1.2704000000000002
0.422
0.37040000000000006
0.2772
0.7161
0.8417
0.7829
0.5615
0.6768
0.6695
0.41719999999999996
0.4328
0.3544
0.34069999999999995
0.34059999999999996
0.30179999999999996
-0.13489999999999996
-0.2068
-0.2032
0.6844000000000001
0.5707
0.6005999999999998
0.27270000000000005
0.30389999999999995
0.25579999999999997
0.3177
0.5553
0.7303
1.0781
1.0991000000000002
1.0913999999999997
0.9874999999999998
1.0313
1.0393000000000001
0.34400000000000003
0.4817
0.47809999999999997
0.5281999999999999
0.6425000000000002
0.6233
0.32669999999999993
0.06870000000000002
0.006899999999999999
-0.22690000000000005
-0.39199999999999996
-0.2584
0.28
0.2884
0.28099999999999997
0.3278
0.3591
0.32249999999999995
0.6038
0.639
0.5313000000000001
0.2023
0.22580000000000006
0.16720000000000002
-0.28989999999999994
-0.4165
-0.4464
0.47000000000000003
0.6018999999999999
0.6474
0.8939999999999999
0.8778
0.5036000000000002
0.5310000000004
0.5976666666666001
0.6086666666667999
0.28670000000000007
0.33280000000000004
0.39599999999999996
0.7447000000000001
0.7523000000000001
0.7769999999999999
0.7868
0.7204
0.8004999999999999
-0.15410000000000001
0.09709999999999999
0.14289999999999997
0.44480000000000003
0.46430000000000005
0.41450000000000004
-0.088
-0.0036000000000000016
0.041400000000000006
0.6271
0.39360000000000006
0.38180000000000003
0.2285
0.3527999999999999
0.25509999999999994
-0.0016999999999999988
0.009999999999999998
-0.07680000000000001
1.0406
0.8455000000000001
0.8067
-0.15860000000000002
-0.1305
-0.0254
0.6008000000000001
0.7268
0.6915000000000001
0.6043999999999999
0.9011999999999999
0.9466000000000003
0.9684000000000001
1.0514
1.0509
0.6182
0.7323999999999999
0.7245999999999999
0.7019
0.6808000000000001
0.6033
0.5747
0.6747
0.7352
-0.36050000000000004
-0.4147
-0.40809999999999996
1.057
1.1381000000000001
1.0737
0.6876000000000001
0.8686000000000001
0.8326000000000002
0.9237
0.9111999999999998
0.8744
0.09180000000000003
0.5221
0.5089999999999999
0.0741
0.16700000000000004
0.20739999999999997
0.8901
0.9122000000000001
0.7306999999999999
0.14489999999999997
0.030400000000000003
-0.0767
0.17650000000000002
0.046799999999999994
0.08430000000000003
0.08460000000000001
0.12100000000000002
0.10149999999999999
0.8446
0.7853000000000001
0.8003000000000002
0.41180000000000005
0.41790000000000005
0.6205999999999999
-0.0168
-0.0094
-0.13420000000000004
1.0362
0.8445
1.0144000000000002
0.26709999999999995
-0.10939999999999997
-0.1433
0.24539999999999998
0.2988
0.3367
0.2529
0.2116
0.12090000000000001
0.4489000000000001
0.48970000000000014
0.4481
0.9860000000000001
1.0983999999999998
1.0577999999999999
1.0363000000000002
0.7825000000000001
0.5324000000000001
0.7708000000000002
1.0060000000000002
0.9171999999999999
-0.2096
-0.29779999999999995
-0.26680000000000004
0.6958
0.7213999999999998
0.7363999999999999
-0.1599
-0.2056
-0.3566000000000001
-0.16960000000000003
-0.24759999999999996
-0.28480000000000005
-0.0619
-0.023899999999999998
-0.0769
0.6872999999999999
0.6627000000000001
0.7173
0.6218999999999999
0.6023000000000001
0.6531
0.1861
-0.1247
-0.40149999999999997
0.3137
0.1784
0.07649999999999998
-0.0115
-0.11850000000000001
-0.2556999999999999
0.3417999999999999
1.0277
0.9565999999999999
0.8397
0.8888
0.8813000000000001
0.7138
0.8127000000000001
0.8087
0.4697000000000001
0.45420000000000005
0.32380000000000003
0.14149999999999996
0.10730000000000003
0.12090000000000004
0.8919
1.0080000000000002
1.0104
-0.03810000000000001
0.0345
0.08750000000000002
0.5525
0.6207
0.6033
0.22830000000000003
0.1891
0.10219999999999996
0.7299
0.7994
0.8071000000000002
0.6202
0.4055000000000001
0.2197
0.7636999999999999
0.7141
0.6407
0.02730000000000001
-0.016800000000000002
-0.006599999999999999
1.2699000000000003
1.3285999999999998
1.2685000000000002
1.1806999999999994
0.9944000000000001
0.7524
1.1743000000000001
1.1815
0.9708000000000002
0.7915
0.8239999999999998
0.8971
0.4585
0.4856
0.4377000000000001
0.3419
0.4526
0.41500000000000004
0.1552
0.09209999999999999
0.0467
0.28266666666660006
0.36722222222249995
0.372
0.8733000000000001
0.9258
1.0384
0.7292999999999998
0.8975000000000002
0.9819000000000002
1.1862000000000001
1.3074
1.0803
0.5597000000000001
0.5477000000000001
0.7208
0.47630000000000006
0.5123
0.4948
0.0616
0.014600000000000002
0.054300000000000015
0.6220999999999999
0.8038000000000001
0.8309
0.9709999999999998
1.0521999999999998
1.0685000000000002
0.7831
0.817
0.7745
0.5191999999999999
0.5768000000000001
0.5334000000000001
0.865
0.8716000000000002
0.8280000000000001
1.3075000000000003
1.307
1.2962000000000002
1.0391
1.1813999999999998
1.1471999999999998
0.1727
0.4197000000000001
0.4192
1.0210000000000001
1.0487
0.9622999999999999
